0 0.5671875 0.5390625 0.31484375 0.4484375
0 0.78046875 0.32109375 0.09375 0.1171875
0 0.628125 0.26015625 0.07578125 0.1171875
0 0.48828125 0.365625 0.06640625 0.1484375
0 0.7296875 0.26640625 0.10625 0.1390625
0 0.53671875 0.12578125 0.05546875 0.10703125
0 0.85078125 0.36875 0.10859375 0.1796875
0 0.62578125 0.21171875 0.0828125 0.10703125
0 0.70859375 0.1546875 0.0796875 0.09296875
0 0.8234375 0.34453125 0.08984375 0.13515625
0 0.815625 0.18125 0.04609375 0.05546875
0 0.7703125 0.18515625 0.06484375 0.06875
0 0.69921875 0.23203125 0.07734375 0.1125
0 0.63125 0.1546875 0.078125 0.09765625
0 0.490625 0.1328125 0.03515625 0.06484375
0 0.56015625 0.18515625 0.03359375 0.059375
0 0.89375 0.2859375 0.05546875 0.0734375
0 0.7125 0.2203125 0.26171875 0.23203125
0 0.840625 0.40546875 0.0875 0.1046875
0 0.60234375 0.1140625 0.084375 0.16015625
0 0.80859375 0.2375 0.059375 0.06640625
0 0.6171875 0.1078125 0.05625 0.1125
0 0.5703125 0.15546875 0.04140625 0.0859375
0 0.82578125 0.25625 0.09921875 0.103125
0 0.86875 0.328125 0.0734375 0.09921875
0 0.634375 0.18203125 0.0546875 0.04921875
0 0.7140625 0.2625 0.41484375 0.384375