0 0.46774025519809204 0.4785732579458465 0.349605561836788 0.46129823323126706
0 0.2709756894358339 0.687851462965312 0.10262993776222676 0.1210075197716634
0 0.4279370070721919 0.7549964950942651 0.08387993776222694 0.12024351581733086
0 0.5597888130861877 0.6552259412536632 0.07687292116548719 0.15111151384016458
0 0.3259009103915398 0.7446081403416297 0.11678752614450919 0.14339185574121877
0 0.529525585706212 0.8930960143716371 0.06430114357108571 0.10854201186299797
0 0.19705201474586168 0.6373301981365644 0.12299090456874776 0.18414418973360752
0 0.4339511313472456 0.8035294955885568 0.09086364357108571 0.10962435079830257
0 0.3554602010581959 0.8571863947902539 0.08679145020978148 0.09699701680591417
0 0.22623095188338854 0.6626631205699662 0.10092572780418312 0.13963018577927463
0 0.24641616516542458 0.8262627055509382 0.05113737012586892 0.0581600098858317
0 0.29143266724001704 0.8242027984405755 0.07083456348717299 0.07142401384016459
0 0.3589744421351263 0.7802246467674203 0.08664974025173766 0.11568334980971962
0 0.4328039510581959 0.8603379111018764 0.08546574855010754 0.10005834980971962
0 0.5750865394404784 0.8879429407593715 0.040910265146846925 0.06708934091247087
0 0.501588917240017 0.8327660094287213 0.038874168466194806 0.060775673916276675
0 0.16035842076450196 0.7183918557412186 0.06181476099766212 0.07572951186299796
0 0.34658118591134895 0.7914022272997681 0.28002307718412756 0.24194605536065766
0 0.20442588424703062 0.6010252836118279 0.0954327444009226 0.10825285178688589
0 0.46478857948243457 0.9021407505314727 0.0964517153566284 0.16281301779449714
0 0.24918504503955569 0.770299207033813 0.06434776514684692 0.06804434585538673
0 0.4504184261630867 0.907785914067626 0.06477474025173784 0.11479201186299832
0 0.4936822514731144 0.8620396739534577 0.04869945435896632 0.08765650889724838
0 0.2305767549975994 0.7508488700756747 0.10781434523075957 0.10719968775644091
0 0.1821616431701003 0.6772230276803288 0.08101504689043351 0.10299234882113631
0 0.42760696558034306 0.8328668271094877 0.05847627344521662 0.05222834486680341
0 0.34182190831694725 0.7491510603035737 0.4447511958601039 0.40131042098770814