0 0.5225590292959668 0.5734600600731785 0.4576212495377815 0.3208430427275427
0 0.2983844287419708 0.7842050140435889 0.11991534639736087 0.09511360001590852
0 0.24187967913768219 0.6311521920353165 0.11936977711788872 0.07636360001590851
0 0.3514174666804121 0.4925356820496341 0.15034699247815259 0.06735222668681722
0 0.24517451220720793 0.7327874173694984 0.14215405925034225 0.10786813868554468
0 0.11016432937510903 0.5381823473504083 0.10788670783841652 0.057486330681090256
0 0.34399479394395016 0.8550720447167249 0.18286998746358768 0.11146585335772627
0 0.19351037529761622 0.6282448206954078 0.10865959765100212 0.08404883068109026
0 0.13406952764661412 0.710393702020999 0.09606866943775674 0.08077838001272664
0 0.3205716658098471 0.8274464840467705 0.13701191818411546 0.09218859468490806
0 0.15751773634296046 0.8177340346912716 0.057568459092057725 0.04596702800763595
0 0.1627424454350182 0.7724669880251351 0.07061402837152993 0.06486247867599956
0 0.2116860622863502 0.7019186780314985 0.11477320533113407 0.07943405601527206
0 0.13632000092443683 0.633049952020999 0.09914820533113407 0.07925224267981754
0 0.11853677052047813 0.4921704133513628 0.06662521034569897 0.03513861600890866
0 0.16885736777576882 0.5623107380251352 0.06037521034569897 0.03506589067472685
0 0.2599320310118264 0.8970771840388163 0.07507420783841656 0.057104522676635835
0 0.1995808673800574 0.7150635680299077 0.23888796991261044 0.26519083736472593
0 0.3810090606369975 0.845343056055043 0.10723348997087019 0.08871814934754454
0 0.09653608689695642 0.6036709873488174 0.16183006175762477 0.0862294960216353
0 0.21397232482276252 0.8113573126989075 0.0673526360516619 0.06013861600890884
0 0.08985417788404096 0.6184420120146357 0.11413670783841652 0.05755905601527207
0 0.1388743510827214 0.5721215426877718 0.08711956677218971 0.04162497334499946
0 0.23222221964991302 0.828762988701453 0.10598923871722894 0.09963746801399935
0 0.3028469567177893 0.8725680800445434 0.10213681301126601 0.07460110534690827
0 0.16357282271119147 0.6364931253580444 0.05159124373179384 0.05526930267345431
0 0.2417229032734347 0.7171169640356346 0.3964684523616332 0.42009760805217944